Acquisition Function: bald
Bayesian:
0.0	49.8700
10.0	56.2000
20.0	61.0267
30.0	59.1067
40.0	65.1667
50.0	68.3233
60.0	70.8433
70.0	73.5967
80.0	74.3067
90.0	74.4800
100.0	76.7200
110.0	78.9400
120.0	77.9433
130.0	80.8267
140.0	81.3100
150.0	81.4833
160.0	82.8167
170.0	81.7233
180.0	81.4133
190.0	86.1200
200.0	86.0400
210.0	85.2400
220.0	86.2800
230.0	85.3400
240.0	86.7567
250.0	87.2933
260.0	88.1900
270.0	88.2433
280.0	87.9767
290.0	89.4067
300.0	88.9133
310.0	90.8600
320.0	90.2933
330.0	90.1533
340.0	91.0633
350.0	90.8733
360.0	91.4100
370.0	90.6600
380.0	91.7433
390.0	91.9633
400.0	90.9467
410.0	91.3900
420.0	91.3833
430.0	92.5633
440.0	92.2167
450.0	91.8200
460.0	92.7633
470.0	93.2900
480.0	92.7467
490.0	92.9200
500.0	93.7833
510.0	94.1100
520.0	94.5433
530.0	93.9333
540.0	94.1433
550.0	94.6800
560.0	94.7900
570.0	94.6667
580.0	95.1433
590.0	94.1667
600.0	94.4733
610.0	94.7567
620.0	94.8700
630.0	95.5367
640.0	95.5533
650.0	95.6267
660.0	94.9833
670.0	95.3333
680.0	95.5233
690.0	96.2533
700.0	95.7967
710.0	95.9967
720.0	95.5133
730.0	95.8233
740.0	95.5133
750.0	95.9700
760.0	95.8767
770.0	95.9633
780.0	95.5033
790.0	95.9567
800.0	96.0867
810.0	96.3867
820.0	96.5633
830.0	96.1700
840.0	96.7200
850.0	96.4167
860.0	96.4033
870.0	96.5333
880.0	96.4800
890.0	96.2367
900.0	96.7067
910.0	96.3500
920.0	96.4733
930.0	96.1700
940.0	96.8033
950.0	96.7900
960.0	96.8933
970.0	96.3100
980.0	96.6533
990.0	96.8833
1000.0	96.5567
Deterministic:
0.0	50.0400
10.0	55.7433
20.0	59.7667
30.0	64.9467
40.0	66.5200
50.0	71.6633
60.0	71.1633
70.0	78.5333
80.0	75.3633
90.0	80.6733
100.0	82.1367
110.0	81.9600
120.0	82.5233
130.0	83.7233
140.0	84.4867
150.0	86.0567
160.0	86.7133
170.0	86.1333
180.0	84.9800
190.0	86.7267
200.0	86.9733
210.0	88.8333
220.0	88.4633
230.0	88.8900
240.0	88.0967
250.0	89.2867
260.0	90.0733
270.0	90.6433
280.0	89.8633
290.0	91.0167
300.0	90.7500
310.0	90.7333
320.0	91.1200
330.0	90.6533
340.0	90.4333
350.0	91.5633
360.0	91.0600
370.0	91.3967
380.0	91.6400
390.0	91.4633
400.0	92.0867
410.0	91.9733
420.0	91.8000
430.0	92.0367
440.0	92.1367
450.0	92.3533
460.0	92.5833
470.0	92.4900
480.0	92.7267
490.0	92.4767
500.0	93.0367
510.0	93.0433
520.0	92.5800
530.0	91.5533
540.0	92.5300
550.0	93.0533
560.0	92.8900
570.0	93.4867
580.0	93.3833
590.0	92.9967
600.0	93.4867
610.0	93.9967
620.0	93.6800
630.0	93.4267
640.0	93.6433
650.0	93.9067
660.0	93.9000
670.0	94.2733
680.0	94.0000
690.0	93.6700
700.0	94.0500
710.0	93.9100
720.0	93.5633
730.0	94.3100
740.0	93.6367
750.0	94.2400
760.0	94.1600
770.0	94.1800
780.0	94.2700
790.0	94.2300
800.0	94.1333
810.0	93.9533
820.0	94.3733
830.0	94.6167
840.0	94.2500
850.0	94.7033
860.0	94.7167
870.0	93.9433
880.0	94.6633
890.0	94.9100
900.0	94.8800
910.0	94.7500
920.0	94.5267
930.0	94.8233
940.0	94.8233
950.0	94.8033
960.0	94.7333
970.0	94.9400
980.0	94.6100
990.0	94.7900
1000.0	95.1700

Acquisition Function: variation_ratios
Bayesian:
0.0	48.5667
10.0	52.2867
20.0	58.1300
30.0	63.8433
40.0	64.7033
50.0	67.1633
60.0	71.4267
70.0	73.6200
80.0	74.3667
90.0	77.1633
100.0	78.4167
110.0	78.9800
120.0	81.1533
130.0	81.4067
140.0	84.1667
150.0	84.7167
160.0	86.4433
170.0	85.7100
180.0	88.0967
190.0	88.7933
200.0	88.6133
210.0	89.2667
220.0	89.5633
230.0	88.6933
240.0	90.3300
250.0	89.6800
260.0	91.1633
270.0	90.7867
280.0	91.7500
290.0	92.6367
300.0	91.9800
310.0	91.6500
320.0	92.1133
330.0	92.4667
340.0	92.0267
350.0	91.9633
360.0	92.7167
370.0	93.0500
380.0	93.1067
390.0	92.8833
400.0	93.6767
410.0	94.0967
420.0	93.0867
430.0	94.0100
440.0	93.1200
450.0	93.4633
460.0	93.6133
470.0	94.6667
480.0	94.5167
490.0	94.6467
500.0	94.5767
510.0	95.0667
520.0	94.4367
530.0	94.4167
540.0	93.6467
550.0	95.2100
560.0	94.5967
570.0	94.7167
580.0	94.6567
590.0	95.0867
600.0	94.9400
610.0	95.2033
620.0	95.4100
630.0	95.4933
640.0	95.4867
650.0	94.9933
660.0	94.4000
670.0	94.9367
680.0	95.3500
690.0	95.5233
700.0	95.1933
710.0	95.1967
720.0	96.1700
730.0	95.6333
740.0	95.6367
750.0	95.6700
760.0	95.9433
770.0	95.9767
780.0	95.8967
790.0	96.0067
800.0	96.3033
810.0	96.4033
820.0	96.1167
830.0	95.9533
840.0	95.9000
850.0	96.6433
860.0	96.5067
870.0	96.1900
880.0	96.2700
890.0	96.5867
900.0	96.6733
910.0	96.3567
920.0	96.3867
930.0	96.1500
940.0	95.9867
950.0	96.4433
960.0	96.4033
970.0	96.9167
980.0	96.8267
990.0	96.8867
1000.0	96.6467
Deterministic:
0.0	51.3967
10.0	57.1600
20.0	60.5800
30.0	62.5633
40.0	68.0633
50.0	70.9667
60.0	72.6800
70.0	75.5900
80.0	78.2833
90.0	79.1333
100.0	79.6400
110.0	80.3400
120.0	83.0900
130.0	83.9367
140.0	83.9333
150.0	85.9033
160.0	87.3533
170.0	87.2667
180.0	87.7033
190.0	88.3167
200.0	89.4133
210.0	90.7833
220.0	90.3533
230.0	91.4700
240.0	89.0600
250.0	92.3000
260.0	91.1633
270.0	92.5200
280.0	92.5133
290.0	92.3467
300.0	92.9067
310.0	93.0467
320.0	92.8900
330.0	93.9533
340.0	93.2967
350.0	94.4667
360.0	94.4333
370.0	94.4600
380.0	94.8333
390.0	95.0733
400.0	95.3467
410.0	95.7733
420.0	95.2833
430.0	95.7700
440.0	95.7933
450.0	95.2500
460.0	96.1800
470.0	95.8467
480.0	96.3300
490.0	95.8567
500.0	96.1400
510.0	95.7567
520.0	96.3833
530.0	96.7467
540.0	96.5167
550.0	96.0967
560.0	96.8000
570.0	97.0767
580.0	96.9633
590.0	97.1500
600.0	96.7167
610.0	96.4367
620.0	97.0733
630.0	97.2300
640.0	96.8333
650.0	97.2800
660.0	97.3767
670.0	96.9400
680.0	97.3967
690.0	97.4100
700.0	97.1367
710.0	97.4267
720.0	96.5433
730.0	97.4567
740.0	97.3033
750.0	97.0800
760.0	97.3967
770.0	97.1833
780.0	97.1767
790.0	97.3233
800.0	97.6233
810.0	97.7533
820.0	97.6800
830.0	97.5800
840.0	97.7667
850.0	97.4167
860.0	97.6467
870.0	97.1567
880.0	97.8167
890.0	97.7300
900.0	97.6867
910.0	97.7367
920.0	97.4500
930.0	97.5500
940.0	97.5900
950.0	97.7133
960.0	97.8300
970.0	97.4300
980.0	97.2600
990.0	97.3667
1000.0	97.5600

Acquisition Function: entropy
Bayesian:
0.0	48.3833
10.0	55.8600
20.0	56.7000
30.0	59.3600
40.0	63.3500
50.0	64.4167
60.0	63.6533
70.0	69.7300
80.0	74.6533
90.0	74.6800
100.0	73.7567
110.0	76.8767
120.0	78.0167
130.0	78.0233
140.0	79.1267
150.0	80.1400
160.0	82.7967
170.0	81.9733
180.0	84.9033
190.0	85.6867
200.0	84.3400
210.0	86.4467
220.0	87.4367
230.0	87.8700
240.0	87.6333
250.0	88.2433
260.0	88.8767
270.0	89.8367
280.0	89.5867
290.0	89.4667
300.0	89.4033
310.0	90.3700
320.0	90.6833
330.0	90.7233
340.0	90.2833
350.0	91.2167
360.0	91.9100
370.0	92.2367
380.0	91.7533
390.0	91.5533
400.0	91.5933
410.0	92.4933
420.0	93.1567
430.0	92.0667
440.0	92.3433
450.0	92.7133
460.0	93.9333
470.0	93.9700
480.0	92.7967
490.0	92.8167
500.0	92.8467
510.0	93.4200
520.0	93.8233
530.0	93.9533
540.0	94.6200
550.0	94.6400
560.0	94.5033
570.0	94.0467
580.0	93.9100
590.0	94.5933
600.0	94.7833
610.0	94.8967
620.0	94.3400
630.0	95.0067
640.0	95.1700
650.0	95.0600
660.0	93.8267
670.0	94.6667
680.0	94.1033
690.0	95.4267
700.0	94.9100
710.0	95.1567
720.0	94.3567
730.0	95.1400
740.0	95.5133
750.0	94.8767
760.0	94.8967
770.0	95.6300
780.0	95.7400
790.0	95.8267
800.0	96.0167
810.0	95.8867
820.0	96.0667
830.0	95.8600
840.0	95.9600
850.0	95.6033
860.0	95.8367
870.0	95.5167
880.0	95.7667
890.0	96.3167
900.0	96.1400
910.0	95.7100
920.0	96.4133
930.0	95.9600
940.0	96.4667
950.0	95.5500
960.0	96.2467
970.0	96.4133
980.0	96.3500
990.0	96.5967
1000.0	96.3133
Deterministic:
0.0	52.6167
10.0	56.4167
20.0	63.1267
30.0	61.1267
40.0	67.8333
50.0	70.1867
60.0	74.1667
70.0	76.7233
80.0	75.9933
90.0	77.1533
100.0	78.6133
110.0	81.5867
120.0	79.5100
130.0	82.4000
140.0	81.9133
150.0	84.2500
160.0	84.7300
170.0	85.5567
180.0	87.5000
190.0	86.4300
200.0	86.9867
210.0	89.3333
220.0	88.7800
230.0	89.9133
240.0	88.2767
250.0	89.3600
260.0	89.9300
270.0	91.0833
280.0	91.5100
290.0	91.7967
300.0	92.5900
310.0	91.6600
320.0	92.5033
330.0	92.8900
340.0	92.7333
350.0	92.6333
360.0	93.8800
370.0	93.4933
380.0	94.1167
390.0	94.3733
400.0	94.3200
410.0	94.5567
420.0	95.2567
430.0	94.7567
440.0	94.8833
450.0	95.1133
460.0	94.9300
470.0	95.5467
480.0	94.8100
490.0	95.5833
500.0	96.0600
510.0	95.7100
520.0	95.9800
530.0	96.1167
540.0	96.5467
550.0	96.2567
560.0	95.9133
570.0	95.9600
580.0	95.8467
590.0	95.9933
600.0	96.1867
610.0	96.4000
620.0	96.6900
630.0	96.2333
640.0	96.6333
650.0	97.0100
660.0	96.9700
670.0	97.1267
680.0	96.8800
690.0	97.1300
700.0	97.0800
710.0	97.3467
720.0	96.9900
730.0	97.0200
740.0	97.3067
750.0	97.5400
760.0	97.3000
770.0	97.2800
780.0	97.4767
790.0	97.3400
800.0	97.4200
810.0	97.5867
820.0	97.5867
830.0	97.0667
840.0	97.1767
850.0	97.5533
860.0	97.3333
870.0	97.6533
880.0	97.3800
890.0	97.6333
900.0	97.3667
910.0	97.2000
920.0	97.7800
930.0	97.4667
940.0	97.1833
950.0	97.6767
960.0	97.7100
970.0	97.8100
980.0	97.7033
990.0	97.8100
1000.0	97.9233

Acquisition Function: mean_std
Bayesian:
0.0	50.7467
10.0	54.7400
20.0	55.7833
30.0	57.8733
40.0	57.5233
50.0	56.8633
60.0	56.6067
70.0	55.7467
80.0	61.0167
90.0	61.0467
100.0	60.4633
110.0	59.6267
120.0	59.6800
130.0	60.5133
140.0	57.7333
150.0	58.2167
160.0	56.9433
170.0	59.9967
180.0	58.1467
190.0	57.6533
200.0	61.0633
210.0	60.4600
220.0	61.4933
230.0	58.4433
240.0	59.5400
250.0	57.4733
260.0	57.6600
270.0	59.4967
280.0	61.7967
290.0	60.2800
300.0	63.3333
310.0	63.0700
320.0	60.0100
330.0	61.0800
340.0	62.4233
350.0	61.2967
360.0	63.3033
370.0	62.2500
380.0	63.3433
390.0	63.4667
400.0	63.3800
410.0	62.1733
420.0	60.1233
430.0	62.5100
440.0	63.0067
450.0	63.6167
460.0	62.0533
470.0	62.3367
480.0	64.3333
490.0	60.7667
500.0	63.1333
510.0	62.3700
520.0	63.8667
530.0	65.2000
540.0	63.7000
550.0	62.2733
560.0	65.7200
570.0	63.7300
580.0	65.7467
590.0	62.2833
600.0	63.7833
610.0	62.9967
620.0	65.6633
630.0	62.5633
640.0	65.0700
650.0	65.8533
660.0	62.8000
670.0	64.9700
680.0	67.6467
690.0	63.5367
700.0	65.1400
710.0	63.4800
720.0	64.2633
730.0	65.4267
740.0	63.4767
750.0	67.0500
760.0	66.0200
770.0	65.6433
780.0	64.4767
790.0	63.6267
800.0	63.4300
810.0	63.7000
820.0	64.6967
830.0	65.9933
840.0	61.0067
850.0	64.8700
860.0	63.3367
870.0	62.3400
880.0	66.4200
890.0	65.4400
900.0	65.7533
910.0	66.4633
920.0	67.5833
930.0	66.4967
940.0	66.3500
950.0	65.5967
960.0	64.3567
970.0	65.3600
980.0	66.6367
990.0	66.0800
1000.0	64.3333
Deterministic:
0.0	48.4433
10.0	56.9133
20.0	62.5067
30.0	62.3267
40.0	68.4900
50.0	73.1433
60.0	76.2367
70.0	77.6100
80.0	80.1500
90.0	81.3100
100.0	81.7567
110.0	82.5400
120.0	85.7300
130.0	84.2800
140.0	86.2267
150.0	85.3167
160.0	87.2367
170.0	87.2700
180.0	85.8833
190.0	87.4867
200.0	86.7533
210.0	87.8133
220.0	87.6567
230.0	88.0867
240.0	87.3967
250.0	88.8367
260.0	88.4233
270.0	89.0167
280.0	89.3267
290.0	89.5133
300.0	90.0400
310.0	89.5333
320.0	90.3400
330.0	90.8533
340.0	90.8667
350.0	90.5200
360.0	91.2400
370.0	90.9433
380.0	91.3567
390.0	91.0400
400.0	91.3033
410.0	91.4900
420.0	91.6900
430.0	92.1033
440.0	92.1000
450.0	91.8100
460.0	92.1067
470.0	91.7133
480.0	92.0167
490.0	92.5733
500.0	92.2667
510.0	92.4433
520.0	92.4833
530.0	92.4300
540.0	92.6433
550.0	92.5567
560.0	93.1800
570.0	92.9800
580.0	93.2767
590.0	93.2433
600.0	93.2100
610.0	93.5200
620.0	93.0100
630.0	93.1833
640.0	93.4467
650.0	93.5600
660.0	93.3733
670.0	93.8833
680.0	93.5333
690.0	93.7233
700.0	93.1433
710.0	93.8900
720.0	93.9433
730.0	94.0100
740.0	93.8267
750.0	93.9767
760.0	93.8167
770.0	93.9967
780.0	94.3233
790.0	94.3800
800.0	93.4600
810.0	94.6700
820.0	94.0867
830.0	94.6933
840.0	94.6733
850.0	94.2067
860.0	94.3033
870.0	94.2667
880.0	94.6900
890.0	94.6400
900.0	94.7533
910.0	94.8600
920.0	94.8467
930.0	94.7133
940.0	94.8867
950.0	95.1800
960.0	95.0833
970.0	95.1100
980.0	95.1033
990.0	94.8300
1000.0	94.9200

Acquisition Function: random
Bayesian:
0.0	46.1733
10.0	57.7567
20.0	59.5867
30.0	62.1967
40.0	69.1267
50.0	66.7433
60.0	72.2033
70.0	74.9200
80.0	75.5467
90.0	77.7367
100.0	79.4333
110.0	80.8767
120.0	81.7133
130.0	82.5667
140.0	83.8400
150.0	83.1633
160.0	84.6333
170.0	84.2267
180.0	84.4000
190.0	85.3133
200.0	86.2033
210.0	87.0733
220.0	87.0000
230.0	87.4567
240.0	87.6933
250.0	87.9633
260.0	87.2567
270.0	89.9367
280.0	88.5200
290.0	89.0833
300.0	88.8600
310.0	89.5633
320.0	90.1433
330.0	90.2133
340.0	89.6100
350.0	90.5600
360.0	90.6933
370.0	91.2633
380.0	90.8200
390.0	91.5433
400.0	90.3067
410.0	91.3067
420.0	91.1100
430.0	90.3333
440.0	91.4767
450.0	91.6000
460.0	91.6533
470.0	92.0400
480.0	92.1900
490.0	92.1433
500.0	92.2167
510.0	92.3267
520.0	92.5367
530.0	92.6167
540.0	92.0100
550.0	92.4867
560.0	93.0000
570.0	92.6000
580.0	92.7967
590.0	92.8267
600.0	92.6933
610.0	93.4267
620.0	92.9600
630.0	93.3367
640.0	93.5033
650.0	92.9400
660.0	93.5433
670.0	93.0367
680.0	93.0433
690.0	93.3667
700.0	93.6400
710.0	93.1633
720.0	93.3667
730.0	93.5900
740.0	93.7100
750.0	93.8833
760.0	93.7500
770.0	93.6867
780.0	94.1200
790.0	94.0467
800.0	93.7667
810.0	94.4567
820.0	93.7733
830.0	93.7733
840.0	92.7667
850.0	94.2400
860.0	94.0367
870.0	94.1033
880.0	94.5100
890.0	94.4933
900.0	94.5967
910.0	94.5433
920.0	93.6433
930.0	94.8867
940.0	94.5000
950.0	94.8700
960.0	94.5833
970.0	94.8400
980.0	94.7533
990.0	94.4233
1000.0	94.8967
Deterministic:
0.0	43.5600
10.0	57.7600
20.0	61.3200
30.0	61.7800
40.0	64.9800
50.0	71.9733
60.0	72.3800
70.0	75.0167
80.0	77.5800
90.0	77.2167
100.0	76.0900
110.0	81.1333
120.0	83.1000
130.0	81.7400
140.0	84.0633
150.0	84.8867
160.0	84.9667
170.0	85.4533
180.0	85.8633
190.0	86.8967
200.0	87.3900
210.0	88.5500
220.0	87.9467
230.0	88.5067
240.0	88.7633
250.0	88.3900
260.0	88.9900
270.0	89.7600
280.0	89.6333
290.0	89.7633
300.0	89.5667
310.0	89.7000
320.0	90.6867
330.0	90.7667
340.0	91.1267
350.0	90.7100
360.0	91.3567
370.0	91.1833
380.0	91.7700
390.0	91.4067
400.0	91.7400
410.0	91.2433
420.0	92.2667
430.0	91.6633
440.0	92.2033
450.0	92.5400
460.0	91.7733
470.0	90.9333
480.0	91.8533
490.0	92.0767
500.0	92.8600
510.0	92.9300
520.0	92.9267
530.0	93.1933
540.0	93.2333
550.0	93.3300
560.0	93.4267
570.0	93.7100
580.0	93.5400
590.0	93.7500
600.0	93.5633
610.0	93.3200
620.0	93.7100
630.0	93.8000
640.0	94.1133
650.0	93.7200
660.0	93.7700
670.0	93.8000
680.0	93.8867
690.0	93.3833
700.0	94.2100
710.0	93.8400
720.0	94.1100
730.0	93.5767
740.0	94.0700
750.0	94.2833
760.0	93.7067
770.0	93.5567
780.0	94.3233
790.0	94.2933
800.0	94.1100
810.0	94.1567
820.0	94.1600
830.0	94.3200
840.0	94.4733
850.0	94.7867
860.0	94.2567
870.0	93.5800
880.0	94.6767
890.0	94.8000
900.0	94.9033
910.0	94.3833
920.0	94.9733
930.0	95.0800
940.0	94.9667
950.0	95.0900
960.0	94.9333
970.0	95.2100
980.0	94.9867
990.0	95.0167
1000.0	95.2467

