Acquisition Function: bald
0.0	46.7333
10.0	54.2367
20.0	56.6800
30.0	66.6200
40.0	69.4067
50.0	68.1700
60.0	68.5767
70.0	72.7833
80.0	74.2767
90.0	78.4800
100.0	78.2067
110.0	79.5633
120.0	80.3267
130.0	82.2067
140.0	82.1967
150.0	83.0733
160.0	85.8200
170.0	84.3067
180.0	84.5767
190.0	86.6333
200.0	85.5067
210.0	86.8967
220.0	85.7500
230.0	87.3700
240.0	87.5533
250.0	87.7300
260.0	87.7633
270.0	87.2367
280.0	87.7033
290.0	87.6333
300.0	87.7367
310.0	88.9667
320.0	89.2800
330.0	90.4133
340.0	90.4267
350.0	89.7200
360.0	90.2467
370.0	90.8633
380.0	91.9133
390.0	92.6133
400.0	93.5033
410.0	92.3833
420.0	92.6233
430.0	92.5500
440.0	92.3300
450.0	91.1767
460.0	90.8133
470.0	92.0833
480.0	90.9467
490.0	92.8600
500.0	93.4133
510.0	93.5833
520.0	91.6233
530.0	93.1833
540.0	93.3933
550.0	93.3833
560.0	93.9167
570.0	94.4533
580.0	94.0067
590.0	94.2500
600.0	92.7767
610.0	94.3100
620.0	94.5767
630.0	94.3300
640.0	94.8267
650.0	94.9033
660.0	94.8033
670.0	95.0233
680.0	94.8633
690.0	94.7300
700.0	95.2133
710.0	95.0767
720.0	94.3933
730.0	95.0367
740.0	95.8400
750.0	95.6600
760.0	95.4100
770.0	95.3033
780.0	95.4633
790.0	95.3000
800.0	95.4567
810.0	95.7100
820.0	95.2433
830.0	96.0600
840.0	96.0167
850.0	96.0433
860.0	96.2400
870.0	96.3033
880.0	96.0167
890.0	96.3500
900.0	96.2167
910.0	96.1400
920.0	96.1367
930.0	96.2233
940.0	96.4367
950.0	96.4667
960.0	96.5433
970.0	96.5933
980.0	95.4533
990.0	96.7100
1000.0	96.5500

Acquisition Function: variation_ratios
0.0	45.9267
10.0	52.9367
20.0	55.0833
30.0	55.0867
40.0	63.2500
50.0	63.8767
60.0	70.9800
70.0	69.4133
80.0	70.8700
90.0	76.5600
100.0	78.0433
110.0	79.8100
120.0	78.2033
130.0	82.1733
140.0	80.6200
150.0	84.6133
160.0	82.1567
170.0	86.5067
180.0	85.1600
190.0	86.0100
200.0	87.8567
210.0	87.3300
220.0	87.3800
230.0	87.3167
240.0	89.2700
250.0	88.5600
260.0	89.4600
270.0	89.6733
280.0	89.4533
290.0	90.6433
300.0	90.8367
310.0	89.7867
320.0	90.4267
330.0	90.9233
340.0	92.1567
350.0	88.7300
360.0	92.0767
370.0	90.0700
380.0	90.5700
390.0	91.8667
400.0	92.1567
410.0	92.1867
420.0	92.6067
430.0	92.5933
440.0	93.5167
450.0	93.1400
460.0	93.3900
470.0	93.0400
480.0	93.4767
490.0	92.1933
500.0	93.1167
510.0	93.7667
520.0	93.5400
530.0	93.1133
540.0	93.1300
550.0	94.2067
560.0	94.3300
570.0	94.3367
580.0	94.3567
590.0	94.8733
600.0	94.8367
610.0	94.8800
620.0	94.9700
630.0	93.6300
640.0	94.6233
650.0	94.9200
660.0	95.3833
670.0	94.8333
680.0	95.5933
690.0	95.3633
700.0	95.4733
710.0	95.4633
720.0	95.3233
730.0	94.9167
740.0	95.4367
750.0	95.6133
760.0	95.9567
770.0	95.5100
780.0	95.2033
790.0	95.9200
800.0	95.6400
810.0	95.7167
820.0	95.7600
830.0	95.5900
840.0	95.8500
850.0	95.5767
860.0	96.1800
870.0	95.8067
880.0	96.3033
890.0	95.1967
900.0	96.4467
910.0	95.7500
920.0	96.1600
930.0	96.3433
940.0	96.7067
950.0	96.5733
960.0	96.5433
970.0	96.3567
980.0	96.3100
990.0	96.5467
1000.0	96.1033

Acquisition Function: entropy
0.0	49.0200
10.0	54.8333
20.0	59.8767
30.0	58.1067
40.0	61.6100
50.0	63.3600
60.0	65.3967
70.0	67.4800
80.0	70.5267
90.0	72.0800
100.0	73.9367
110.0	75.7067
120.0	78.6433
130.0	80.4000
140.0	78.4833
150.0	80.7733
160.0	82.0200
170.0	83.4667
180.0	82.5367
190.0	83.6300
200.0	83.0733
210.0	85.2000
220.0	85.1633
230.0	86.0133
240.0	85.8933
250.0	86.8700
260.0	88.4000
270.0	88.3333
280.0	88.6700
290.0	89.6700
300.0	88.3933
310.0	90.2400
320.0	91.0067
330.0	90.4467
340.0	89.4700
350.0	90.6800
360.0	91.3167
370.0	90.8900
380.0	90.6900
390.0	91.6900
400.0	92.0533
410.0	91.3467
420.0	91.4267
430.0	91.5967
440.0	92.3400
450.0	93.3567
460.0	92.8467
470.0	93.0333
480.0	93.1000
490.0	93.5267
500.0	92.7367
510.0	92.9767
520.0	93.2967
530.0	94.2233
540.0	94.3100
550.0	94.6067
560.0	94.4500
570.0	94.2333
580.0	95.1200
590.0	93.9667
600.0	94.2233
610.0	94.3833
620.0	94.6467
630.0	94.9167
640.0	94.6833
650.0	93.6133
660.0	94.8800
670.0	94.6200
680.0	95.0333
690.0	94.9333
700.0	95.2500
710.0	94.9367
720.0	95.5767
730.0	95.3100
740.0	95.3133
750.0	95.7033
760.0	95.4567
770.0	95.6267
780.0	95.7467
790.0	95.1533
800.0	96.0600
810.0	95.5500
820.0	95.1367
830.0	95.5067
840.0	95.6333
850.0	95.9100
860.0	95.9667
870.0	95.9967
880.0	96.0733
890.0	95.6900
900.0	96.0067
910.0	95.9100
920.0	95.8133
930.0	95.9367
940.0	96.1733
950.0	96.3667
960.0	96.5967
970.0	96.3933
980.0	96.5500
990.0	96.0933
1000.0	96.3800

Acquisition Function: mean_std
0.0	49.4567
10.0	56.7100
20.0	54.7167
30.0	61.0833
40.0	59.6600
50.0	61.2800
60.0	60.2400
70.0	61.2800
80.0	61.0300
90.0	60.1900
100.0	60.3967
110.0	59.9800
120.0	60.5000
130.0	61.5333
140.0	61.8067
150.0	62.9400
160.0	61.6033
170.0	63.9700
180.0	62.4933
190.0	63.0533
200.0	62.0933
210.0	64.6300
220.0	62.5133
230.0	59.4833
240.0	62.9567
250.0	64.0900
260.0	62.4667
270.0	62.9400
280.0	62.0467
290.0	62.0733
300.0	62.7067
310.0	66.3767
320.0	63.7700
330.0	63.5200
340.0	61.9267
350.0	61.2900
360.0	63.0200
370.0	63.5400
380.0	66.3267
390.0	64.4067
400.0	62.4333
410.0	63.3200
420.0	63.7733
430.0	59.9333
440.0	63.5800
450.0	62.4033
460.0	64.4500
470.0	65.0000
480.0	64.0567
490.0	62.0733
500.0	63.0233
510.0	61.8033
520.0	57.8400
530.0	63.7000
540.0	62.0333
550.0	65.7667
560.0	64.9267
570.0	64.7267
580.0	63.3900
590.0	65.7800
600.0	63.1000
610.0	64.6667
620.0	63.1000
630.0	63.2167
640.0	65.7100
650.0	62.4733
660.0	66.2100
670.0	65.3633
680.0	66.1667
690.0	59.9400
700.0	66.3700
710.0	65.2200
720.0	64.4833
730.0	63.7800
740.0	64.7567
750.0	65.8700
760.0	65.3933
770.0	62.3933
780.0	66.9767
790.0	65.9033
800.0	63.8733
810.0	64.7700
820.0	67.1100
830.0	66.1467
840.0	65.1100
850.0	65.1367
860.0	65.6433
870.0	65.3933
880.0	65.3433
890.0	65.7800
900.0	65.7867
910.0	65.3467
920.0	64.6700
930.0	68.6800
940.0	65.6567
950.0	67.1000
960.0	66.6500
970.0	66.1267
980.0	64.9767
990.0	67.4733
1000.0	65.5433

Acquisition Function: random
0.0	45.7400
10.0	55.1633
20.0	58.3833
30.0	62.8600
40.0	65.5467
50.0	66.7100
60.0	69.4033
70.0	72.0833
80.0	76.3167
90.0	77.4833
100.0	78.1433
110.0	78.7300
120.0	81.8367
130.0	80.1733
140.0	81.4367
150.0	82.2767
160.0	82.2967
170.0	84.5267
180.0	84.8433
190.0	85.4267
200.0	86.5133
210.0	85.1200
220.0	87.6500
230.0	87.2567
240.0	87.6267
250.0	87.9033
260.0	88.2767
270.0	88.4233
280.0	88.1633
290.0	88.9800
300.0	88.6100
310.0	88.4667
320.0	89.6733
330.0	88.9433
340.0	90.2433
350.0	89.7733
360.0	89.9400
370.0	89.5100
380.0	90.1267
390.0	90.7600
400.0	90.8600
410.0	91.1100
420.0	90.8400
430.0	90.9367
440.0	91.4067
450.0	91.4633
460.0	91.8200
470.0	91.5533
480.0	91.4600
490.0	90.6400
500.0	91.7667
510.0	92.3500
520.0	92.3833
530.0	92.2033
540.0	92.1167
550.0	92.8167
560.0	92.5433
570.0	92.4233
580.0	92.2533
590.0	92.7733
600.0	92.4900
610.0	92.4367
620.0	92.8767
630.0	92.6933
640.0	92.8567
650.0	93.2867
660.0	93.0567
670.0	93.5333
680.0	92.5867
690.0	92.8300
700.0	92.4633
710.0	93.9233
720.0	93.7700
730.0	93.8533
740.0	93.5000
750.0	93.9167
760.0	93.8900
770.0	94.2000
780.0	94.1067
790.0	94.4100
800.0	94.2567
810.0	94.3367
820.0	94.3567
830.0	94.3833
840.0	94.1967
850.0	94.6400
860.0	94.8533
870.0	94.4133
880.0	94.7000
890.0	94.6533
900.0	94.6200
910.0	93.9867
920.0	94.5500
930.0	94.7667
940.0	94.5733
950.0	94.9600
960.0	94.9267
970.0	94.7400
980.0	94.0633
990.0	95.0300
1000.0	95.0933

